============== 20 JOBS 5 MACHINES =====================
20 5
3  5 4 58 2 44 0  9 1 58
1 89 4 96 0 97 2 84 3 77
2 81 3 85 1 87 4 39 0 77
0 15 3 57 4 73 1 21 2 31
2 48 4 71 3 70 0 40 1 49
0 10 4 82 3 34 2 80 1 22
2 17 0 55 1 91 4 75 3  7
3 47 2 62 1 72 4 35 0 11
1 90 2 94 4 50 0 64 3 75
3 15 2 67 0 12 4 20 1 71
4 93 2 29 0 52 1 57 3 68
3 77 1 93 0 58 2 70 4  7
1 63 3 27 0 95 4  6 2 82
4 36 0 26 3 48 2 56 1 87
2 36 1  8 4 15 3 76 0 36
4 78 1 84 3 41 0 30 2 76
1 78 0 75 4 88 3 13 2 81
0 54 4 40 2 13 1 82 3 29
1 26 4 82 0 52 3  6 2  6
3 54 1 64 0 54 2 32 4 88
============== 10 JOBS 10 MACHINES =====================
10 10
7 62 8 24 5 25 3 84 4 47 6 38 2 82 0 93 9 24 1 66
5 47 2 97 8 92 9 22 1 93 4 29 7 56 3 80 0 78 6 67
1 45 7 46 6 22 2 26 9 38 0 69 4 40 3 33 8 75 5 96
4 85 8 76 5 68 9 88 3 36 6 75 2 56 1 35 0 77 7 85
8 60 9 20 7 25 3 63 4 81 0 52 1 30 5 98 6 54 2 86
3 87 9 73 5 51 2 95 4 65 1 86 6 22 8 58 0 80 7 65
5 81 2 53 7 57 6 71 9 81 0 43 4 26 8 54 3 58 1 69
4 20 6 86 5 21 8 79 9 62 2 34 0 27 1 81 7 30 3 46
9 68 6 66 5 98 8 86 7 66 0 56 3 82 1 95 4 47 2 78
0 30 3 50 7 34 2 58 1 77 5 34 8 84 4 40 9 46 6 44
============== 20 JOBS 20 MACHINES =====================
20 20
16 34 17 38  0 21  6 15 15 42  8 17  7 41 18 10 10 26 11 24  1 31 19 25 14 31 13 33  4 35  9 30  3 16 12 16  5 30  2 13  
5 41 11 33  6 15 16 38  0 40 14 38  3 37  1 20 13 22  4 34  7 16 17 39  9 15  2 19 10 36 12 39 18 26  8 19 15 39 19 34  
17 34  1 12 16 10  7 47 13 28 15 27  0 19  6 34 19 33 12 40  9 37 14 24  8 15 10 34  2 44  3 37 18 22 11 31  4 39  5 26  
5 48  7 46 16 47 10 45 14 15  8 25  0 34  3 24 12 35 18 15  2 48 13 19 11 10  1 48 17 16 15 28  4 18  6 17  9 44 19 41  
12 47  3 23  9 48 16 45 14 39  6 42  8 32 15 11 13 16  5 14 11 19  1 46 19 10 10 17  7 41  2 47 17 32  4 17  0 21 18 17  
18 14 16 20  1 18 12 14 13 10  6 16  5 24  4 18  0 24 11 18 15 42 19 13  3 23 14 40  9 48  8 12  2 24 10 23  7 45 17 30  
0 27 12 15  4 26 13 19 17 14  5 49  7 16 18 28 16 16  8 20  9 36  2 21 14 30  3 36  1 17 15 22  6 43 11 32 10 23 19 17  
0 32 16 15 17 12  7 46  3 37 18 43 11 40 13 43  9 48  4 36 15 24  8 25  1 33 14 32  5 26  6 37 12 24 10 24  2 15 19 22  
10 34  6 33 15 25  8 46  0 20 18 33  4 19 13 45  2 47  1 32  3 12 11 29 16 29  5 46 12 17  7 48 14 39 17 40 19 41  9 37  
13 26  3 47  5 44  6 49  1 22 17 12 10 28 19 36  9 27  4 25 14 48  7 11 16 49 12 24 11 48  2 19  0 47 18 49  8 46 15 36  
13 23 18 48 14 15  0 42  3 36  8 15  6 32 10 18  1 45 15 23 11 45  2 13 17 21 12 32  7 44  5 25 19 34 16 22  9 11  4 43  
17 37  7 49 15 45  2 28  9 15  8 35 12 29 13 44  1 26  4 25  5 30  3 39  0 15 14 28 18 23  6 42 11 33 16 45 10 10 19 20  
0 10  6 37  3 15 13 13 10 11  2 49  1 28 14 28 15 13  8 29 12 21 16 32 11 21  4 48  5 11 17 26  9 33 18 22  7 21 19 49  
18 38  0 41  4 30 13 43  6 11  2 43 14 27  3 26  9 30 15 19 16 36  1 31 17 47  5 41 10 34  8 40 12 32  7 13 11 18 19 27  
6 24  5 30  7 10 10 35  8 28 16 43 19 12  9 44 15 15  3 15  2 35 18 43  0 38  4 16  1 29 17 40 14 49 13 38 12 16 11 30  
3 48  6 35 13 43  2 37 17 18  5 27  9 27  7 41  1 22 15 28 16 18 10 37 18 48  4 10  8 14 11 18 14 43  0 48 12 12 19 49  
0 13 13 38  7 34  6 42  1 36  5 45 18 24  8 35 14 26 19 30 12 47 16 24 11 47  4 40 10 43  3 16 15 10  2 12  9 39 17 22  
16 30 13 47 19 49  8 20  4 40  3 46 17 21 14 33  6 44  7 23  9 24  0 48 10 43 15 41  2 32  5 29 11 36  1 38 12 47 18 12  
13 10  5 36 12 18 16 48  0 27 14 43 10 46  6 27  7 46 19 35 11 31  2 18  8 24  3 23 17 29 18 14  9 19  1 40 15 38  4 13  
9 45 16 44  0 43 17 31 14 35 13 17 12 42  3 14 18 37 10 39  6 48  7 38 15 26  4 49  2 28 11 35  1 42  5 24  8 44 19 38  